[gd_scene load_steps=9 format=3 uid="uid://bupermobpg1sj"]

[ext_resource type="PackedScene" uid="uid://d4lp0doik3rtc" path="res://Prefabs/Character.tscn" id="1_tr0ag"]
[ext_resource type="Script" path="res://Scripts/Character.gd" id="2_h1gee"]

[sub_resource type="ProceduralSkyMaterial" id="ProceduralSkyMaterial_ljksk"]
sky_top_color = Color(0.160784, 0.184314, 0.231373, 1)
sky_horizon_color = Color(0.231373, 0.0705882, 0.231373, 1)
sky_cover_modulate = Color(0.619608, 0.192157, 0.576471, 1)
ground_bottom_color = Color(0.0941176, 0.117647, 0.2, 1)
ground_horizon_color = Color(0.217925, 0.0851, 0.23, 1)
ground_curve = 0.12996

[sub_resource type="Sky" id="Sky_x1gce"]
sky_material = SubResource("ProceduralSkyMaterial_ljksk")

[sub_resource type="Environment" id="Environment_jwc36"]
background_mode = 2
sky = SubResource("Sky_x1gce")
ambient_light_source = 3
reflected_light_source = 2
tonemap_mode = 3
ssao_enabled = true
sdfgi_enabled = true
sdfgi_use_occlusion = true
glow_enabled = true
glow_bloom = 0.04
glow_blend_mode = 0
glow_hdr_threshold = 0.03
fog_enabled = true
fog_light_color = Color(0.411765, 0.0705882, 0.376471, 1)
fog_density = 0.021
fog_aerial_perspective = 0.61
fog_sky_affect = 0.221
fog_height_density = 1.3474
volumetric_fog_density = 0.0079

[sub_resource type="StandardMaterial3D" id="StandardMaterial3D_i24jt"]
albedo_color = Color(0.520987, 0.266869, 0.0487699, 1)

[sub_resource type="BoxMesh" id="BoxMesh_iv3pv"]

[sub_resource type="BoxShape3D" id="BoxShape3D_ns7rh"]

[node name="World" type="Node3D"]

[node name="WorldEnvironment" type="WorldEnvironment" parent="."]
environment = SubResource("Environment_jwc36")

[node name="MeshInstance3D" type="MeshInstance3D" parent="."]
transform = Transform3D(100, 0, 0, 0, 1, 0, 0, 0, 100, 0, 0, 0)
material_override = SubResource("StandardMaterial3D_i24jt")
mesh = SubResource("BoxMesh_iv3pv")

[node name="StaticBody3D" type="StaticBody3D" parent="MeshInstance3D"]

[node name="CollisionShape3D" type="CollisionShape3D" parent="MeshInstance3D/StaticBody3D"]
shape = SubResource("BoxShape3D_ns7rh")

[node name="Character" parent="." instance=ExtResource("1_tr0ag")]
transform = Transform3D(1, 0, 0, 0, 1, 0, 0, 0, 1, 15.9715, 9.71853, -33.0815)
script = ExtResource("2_h1gee")

[node name="RemoteTransform3D" type="RemoteTransform3D" parent="Character"]
transform = Transform3D(1, 0, 0, 0, 0.778353, 0.627827, 0, -0.627827, 0.778353, 0, 0, 0)
remote_path = NodePath("../../CameraAnchor")

[node name="DirectionalLight3D" type="DirectionalLight3D" parent="."]
transform = Transform3D(0.79873, -0.469215, 0.376653, 0, 0.625992, 0.77983, -0.60169, -0.622874, 0.499998, 28.5863, 14.657, -23.8253)
light_color = Color(0.929412, 0.568627, 0.905882, 1)
light_energy = 1.808
light_indirect_energy = 1.808
light_volumetric_fog_energy = 3.424
shadow_enabled = true
shadow_bias = 0.0
shadow_normal_bias = 5.838
shadow_reverse_cull_face = true
shadow_opacity = 0.87
shadow_blur = 1.515
directional_shadow_blend_splits = true
directional_shadow_max_distance = 40.2

[node name="CameraAnchor" type="Node3D" parent="."]
transform = Transform3D(1, 0, 0, 0, 0.778353, 0.627827, 0, -0.627827, 0.778353, 15.9715, 9.71853, -33.0815)

[node name="Camera3D" type="Camera3D" parent="CameraAnchor"]
transform = Transform3D(1, 0, 0, 0, 0.983341, 0.181772, 0, -0.181772, 0.983341, -0.239708, 3.18741, 10.7707)
fov = 67.9572
