[gd_scene load_steps=26 format=3 uid="uid://bupermobpg1sj"]

[ext_resource type="Script" path="res://world.gd" id="1_0o0b0"]
[ext_resource type="Texture2D" uid="uid://d2xq5ndw02hs1" path="res://Assets/Models/Nebula.hdr" id="1_3b43y"]
[ext_resource type="PackedScene" uid="uid://d4lp0doik3rtc" path="res://Prefabs/Character.tscn" id="1_tr0ag"]
[ext_resource type="PackedScene" uid="uid://c18wam7fk88qa" path="res://Prefabs/Camera_anchor.tscn" id="2_qtt1b"]
[ext_resource type="PackedScene" uid="uid://4j1jhl2ib1ff" path="res://Prefabs/UI/HUD.tscn" id="4_3n2ta"]
[ext_resource type="PackedScene" uid="uid://hc6iqxwfym4h" path="res://Prefabs/Aries.tscn" id="4_jmyty"]
[ext_resource type="PackedScene" uid="uid://7g2g3525ls68" path="res://Prefabs/Pisces.tscn" id="5_ul6xq"]
[ext_resource type="Script" path="res://ScriptsNew/ZodiacSpawner.gd" id="6_fje5m"]
[ext_resource type="PackedScene" uid="uid://nlarhrwqb002" path="res://Prefabs/Leo.tscn" id="6_grg37"]
[ext_resource type="PackedScene" uid="uid://c2wbfm15y6g84" path="res://Prefabs/Battleground.tscn" id="7_jpi8t"]
[ext_resource type="PackedScene" uid="uid://dmug2uw4akgi0" path="res://Prefabs/Taurus.tscn" id="7_nqfsk"]
[ext_resource type="PackedScene" uid="uid://bigen8uemxgp" path="res://Prefabs/Gemini.tscn" id="9_bksfa"]
[ext_resource type="PackedScene" uid="uid://c24flsme287t6" path="res://Prefabs/Cancer.tscn" id="9_ieg3u"]
[ext_resource type="PackedScene" uid="uid://c7bhnlpb6dm1d" path="res://Prefabs/Sagittarius.tscn" id="10_pfp5q"]
[ext_resource type="PackedScene" uid="uid://vrl5jhudoutw" path="res://Prefabs/Scorpio.tscn" id="10_v23t3"]
[ext_resource type="PackedScene" uid="uid://btcjphvnejj8u" path="res://Prefabs/LibraEnemy.tscn" id="11_8ydb4"]
[ext_resource type="PackedScene" uid="uid://boyr8bllmfcup" path="res://Prefabs/AquariusEnemy.tscn" id="12_nd1ep"]
[ext_resource type="PackedScene" uid="uid://by0e6y5nqpnff" path="res://Prefabs/torch.tscn" id="16_ijfbe"]
[ext_resource type="PackedScene" uid="uid://c7bv16akl3wn8" path="res://Prefabs/Capricorn.tscn" id="16_qxj1i"]
[ext_resource type="PackedScene" uid="uid://7tfpnk5nsp0g" path="res://Prefabs/Virgo.tscn" id="19_pg8xh"]
[ext_resource type="Texture2D" uid="uid://0wx21w4wqcyd" path="res://Assets/decal.png" id="20_miehg"]
[ext_resource type="AudioStream" uid="uid://dyy42dnivd2w2" path="res://Assets/Audio/serpentario-004.wav" id="21_8dovc"]

[sub_resource type="PanoramaSkyMaterial" id="PanoramaSkyMaterial_vbnwt"]
panorama = ExtResource("1_3b43y")

[sub_resource type="Sky" id="Sky_sj7l4"]
sky_material = SubResource("PanoramaSkyMaterial_vbnwt")

[sub_resource type="Environment" id="Environment_jwc36"]
background_mode = 2
sky = SubResource("Sky_sj7l4")
ambient_light_source = 3
reflected_light_source = 2
tonemap_mode = 3
ssao_enabled = true
sdfgi_enabled = true
sdfgi_use_occlusion = true
glow_enabled = true
glow_normalized = true
glow_intensity = 4.01
glow_strength = 1.32
glow_blend_mode = 0
glow_hdr_scale = 0.56
glow_hdr_luminance_cap = 47.03
fog_enabled = true
fog_light_color = Color(0.333333, 0.109804, 0.203922, 1)
fog_density = 0.021
fog_aerial_perspective = 0.61
fog_sky_affect = 0.221
fog_height_density = 1.3474
volumetric_fog_density = 0.0079

[node name="World" type="Node3D"]
script = ExtResource("1_0o0b0")

[node name="WorldEnvironment" type="WorldEnvironment" parent="."]
environment = SubResource("Environment_jwc36")

[node name="DirectionalLight3D" type="DirectionalLight3D" parent="."]
transform = Transform3D(0.79873, -0.469215, 0.376653, 0, 0.625992, 0.77983, -0.60169, -0.622874, 0.499998, 28.5863, 14.657, -23.8253)
light_color = Color(0.929412, 0.568627, 0.905882, 1)
light_energy = 1.808
light_indirect_energy = 1.808
light_volumetric_fog_energy = 3.424
shadow_enabled = true
shadow_bias = 0.101
shadow_reverse_cull_face = true
shadow_opacity = 0.87
shadow_blur = 1.515
directional_shadow_blend_splits = true
directional_shadow_max_distance = 40.2

[node name="CameraAnchor" parent="." instance=ExtResource("2_qtt1b")]
transform = Transform3D(1, 0, 0, 0, 0.778353, 0.627827, 0, -0.627827, 0.778353, 0.873741, 3.72716, -37.1921)

[node name="Bullets" type="Node3D" parent="."]
unique_name_in_owner = true

[node name="Character" parent="." instance=ExtResource("1_tr0ag")]
transform = Transform3D(1, 0, 0, 0, 1, 0, 0, 0, 1, 0.873741, 3.72716, -37.1921)

[node name="RemoteTransform3D" type="RemoteTransform3D" parent="Character"]
transform = Transform3D(1, 0, 0, 0, 0.778353, 0.627827, 0, -0.627827, 0.778353, 0, 0, 0)
remote_path = NodePath("../../CameraAnchor")
update_rotation = false
update_scale = false

[node name="HUD" parent="." instance=ExtResource("4_3n2ta")]

[node name="ZodiacSpawner" type="Node3D" parent="."]
script = ExtResource("6_fje5m")
Signs = Array[PackedScene]([ExtResource("4_jmyty"), ExtResource("7_nqfsk"), ExtResource("9_bksfa"), ExtResource("9_ieg3u"), ExtResource("6_grg37"), ExtResource("19_pg8xh"), ExtResource("11_8ydb4"), ExtResource("10_v23t3"), ExtResource("10_pfp5q"), ExtResource("16_qxj1i"), ExtResource("12_nd1ep"), ExtResource("5_ul6xq")])

[node name="Timer" type="Timer" parent="ZodiacSpawner"]
wait_time = 13.0
autostart = true

[node name="SpaceBattleground" parent="." instance=ExtResource("7_jpi8t")]
transform = Transform3D(1, 0, 0, 0, 1, 0, 0, 0, 1, -0.668417, 0.5, -0.514328)

[node name="Decal2" type="Decal" parent="SpaceBattleground"]
transform = Transform3D(1, 0, 0, 0, 1, 0, 0, 0, 1, 0.307588, -1.78814e-06, -12.066)
size = Vector3(9.46071, 2, 13.8643)
texture_albedo = ExtResource("20_miehg")

[node name="Decal14" type="Decal" parent="SpaceBattleground"]
transform = Transform3D(0.380296, 0, 0.924865, 0, 1, 0, -0.924865, 0, 0.380296, -12.4042, -1.78814e-06, 34.8714)
size = Vector3(9.46071, 0.398907, 13.8643)
texture_albedo = ExtResource("20_miehg")

[node name="Decal15" type="Decal" parent="SpaceBattleground"]
transform = Transform3D(0.663286, 0, 0.748366, 0, 1, 0, -0.748366, 0, 0.663286, -22.8617, -1.78814e-06, 28.3802)
size = Vector3(9.46071, 0.398907, 13.8643)
texture_albedo = ExtResource("20_miehg")

[node name="Decal16" type="Decal" parent="SpaceBattleground"]
transform = Transform3D(-0.841332, 0, -0.540519, 0, 1, 0, 0.540519, 0, -0.841332, -30.7201, -1.78814e-06, 20.4434)
size = Vector3(9.46071, 0.398907, 13.8643)
texture_albedo = ExtResource("20_miehg")

[node name="Decal17" type="Decal" parent="SpaceBattleground"]
transform = Transform3D(0.971114, 0, 0.238618, 0, 1, 0, -0.238618, 0, 0.971114, -35.1309, -1.78814e-06, 10.4907)
size = Vector3(9.46071, 0.398907, 12.0726)
texture_albedo = ExtResource("20_miehg")

[node name="Decal18" type="Decal" parent="SpaceBattleground"]
transform = Transform3D(-0.92442, 0, 0.381377, 0, 1, 0, -0.381377, 0, -0.92442, 36.6929, -1.78814e-06, 11.9393)
size = Vector3(9.46071, 0.398907, 13.8643)
texture_albedo = ExtResource("20_miehg")

[node name="Decal19" type="Decal" parent="SpaceBattleground"]
transform = Transform3D(-0.747589, 0, 0.664161, 0, 1, 0, -0.664161, 0, -0.747589, 30.1895, -1.78814e-06, 22.3892)
size = Vector3(9.46071, 0.398907, 13.8643)
texture_albedo = ExtResource("20_miehg")

[node name="Decal20" type="Decal" parent="SpaceBattleground"]
transform = Transform3D(0.539535, 0, -0.841963, 0, 1, 0, 0.841963, 0, 0.539535, 22.2435, -1.78814e-06, 30.2383)
size = Vector3(9.46071, 0.398907, 13.8643)
texture_albedo = ExtResource("20_miehg")

[node name="Decal21" type="Decal" parent="SpaceBattleground"]
transform = Transform3D(-0.237482, 0, 0.971392, 0, 1, 0, -0.971392, 0, -0.237482, 12.2856, -1.78814e-06, 34.6374)
size = Vector3(9.46071, 0.398907, 12.0726)
texture_albedo = ExtResource("20_miehg")

[node name="Decal22" type="Decal" parent="SpaceBattleground"]
transform = Transform3D(-0.418359, 0, -0.908282, 0, 1, 0, 0.908282, 0, -0.418359, 13.1642, -1.78814e-06, -35.587)
size = Vector3(9.46071, 0.398907, 13.8643)
texture_albedo = ExtResource("20_miehg")

[node name="Decal23" type="Decal" parent="SpaceBattleground"]
transform = Transform3D(-0.693779, 0, -0.720188, 0, 1, 0, 0.720188, 0, -0.693779, 23.3432, -1.78814e-06, -28.6673)
size = Vector3(9.46071, 0.398907, 13.8643)
texture_albedo = ExtResource("20_miehg")

[node name="Decal24" type="Decal" parent="SpaceBattleground"]
transform = Transform3D(0.863043, 0, 0.50513, 0, 1, 0, -0.50513, 0, 0.863043, 30.8654, -1.78814e-06, -20.4111)
size = Vector3(9.46071, 0.398907, 13.8643)
texture_albedo = ExtResource("20_miehg")

[node name="Decal25" type="Decal" parent="SpaceBattleground"]
transform = Transform3D(-0.980181, 0, -0.198102, 0, 1, 0, 0.198102, 0, -0.980181, 34.8592, -1.78814e-06, -10.2839)
size = Vector3(9.46071, 0.398907, 12.0726)
texture_albedo = ExtResource("20_miehg")

[node name="Decal26" type="Decal" parent="SpaceBattleground"]
transform = Transform3D(0.937398, 0, -0.348261, 0, 1, 0, 0.348261, 0, 0.937398, -34.1937, -1.78814e-06, -11.758)
size = Vector3(9.46071, 0.398907, 13.8643)
texture_albedo = ExtResource("20_miehg")

[node name="Decal27" type="Decal" parent="SpaceBattleground"]
transform = Transform3D(0.770736, 0, -0.637155, 0, 1, 0, 0.637155, 0, 0.770736, -28.0661, -1.78814e-06, -22.4325)
size = Vector3(9.46071, 0.398907, 13.8643)
texture_albedo = ExtResource("20_miehg")

[node name="Decal28" type="Decal" parent="SpaceBattleground"]
transform = Transform3D(-0.569136, 0, 0.822244, 0, 1, 0, -0.822244, 0, -0.569136, -20.4042, -1.78814e-06, -30.5593)
size = Vector3(9.46071, 0.398907, 13.8643)
texture_albedo = ExtResource("20_miehg")

[node name="Decal29" type="Decal" parent="SpaceBattleground"]
transform = Transform3D(0.271877, 0, -0.962332, 0, 1, 0, 0.962332, 0, 0.271877, -10.6091, -1.78814e-06, -35.3097)
size = Vector3(9.46071, 0.398907, 12.0726)
texture_albedo = ExtResource("20_miehg")

[node name="Decal3" type="Decal" parent="SpaceBattleground"]
transform = Transform3D(-0.995794, 0, 0.0916232, 0, 1, 0, -0.0916232, 0, -0.995794, 0.009161, -1.78814e-06, -23.3131)
size = Vector3(9.46071, 2, 13.8643)
texture_albedo = ExtResource("20_miehg")

[node name="Decal4" type="Decal" parent="SpaceBattleground"]
transform = Transform3D(-0.999867, 0, 0.016318, 0, 1, 0, -0.016318, 0, -0.999867, -0.106243, -1.78814e-06, 12.3379)
size = Vector3(9.46071, 2, 13.8643)
texture_albedo = ExtResource("20_miehg")

[node name="Decal5" type="Decal" parent="SpaceBattleground"]
transform = Transform3D(0.994166, 0, -0.10786, 0, 1, 0, 0.10786, 0, 0.994166, 0.00861359, -1.78814e-06, 23.5884)
size = Vector3(9.46071, 2, 13.8643)
texture_albedo = ExtResource("20_miehg")

[node name="Decal6" type="Decal" parent="SpaceBattleground"]
transform = Transform3D(0.00183244, 0, 0.999998, 0, 1, 0, -0.999998, 0, 0.00183244, 24.1869, -1.78814e-06, -0.176847)
size = Vector3(9.46071, 2, 13.8643)
texture_albedo = ExtResource("20_miehg")

[node name="Decal7" type="Decal" parent="SpaceBattleground"]
transform = Transform3D(-0.0934478, 0, -0.995624, 0, 1, 0, 0.995624, 0, -0.0934478, 12.9392, -1.78814e-06, 0.10097)
size = Vector3(9.46071, 2, 13.8643)
texture_albedo = ExtResource("20_miehg")

[node name="Decal8" type="Decal" parent="SpaceBattleground"]
transform = Transform3D(0.0476644, 0, -0.998864, 0, 1, 0, 0.998864, 0, 0.0476644, -23.9604, -1.78814e-06, 0.37915)
size = Vector3(9.46071, 2, 13.8643)
texture_albedo = ExtResource("20_miehg")

[node name="Decal9" type="Decal" parent="SpaceBattleground"]
transform = Transform3D(0.0440551, 0, 0.999029, 0, 1, 0, -0.999029, 0, 0.0440551, -12.7403, -1.78814e-06, -0.455026)
size = Vector3(9.46071, 0.410157, 13.8643)
texture_albedo = ExtResource("20_miehg")

[node name="Decal" type="Decal" parent="SpaceBattleground"]
transform = Transform3D(0.707107, 0, -0.707107, 0, 1, 0, 0.707107, 0, 0.707107, 0, 0, 0)
size = Vector3(9.62025, 2, 8.96286)
texture_albedo = ExtResource("20_miehg")

[node name="Decal30" type="Decal" parent="SpaceBattleground"]
transform = Transform3D(1, 0, 0, 0, 1, 0, 0, 0, 1, 0, 1.06252, -51.6894)
size = Vector3(22.8269, 2, 16.5607)
texture_albedo = ExtResource("20_miehg")

[node name="Decal31" type="Decal" parent="SpaceBattleground"]
transform = Transform3D(1, 0, 0, 0, 1, 0, 0, 0, 1, -51.1649, 1.06252, -0.423698)
size = Vector3(22.8269, 2, 16.5607)
texture_albedo = ExtResource("20_miehg")

[node name="Decal32" type="Decal" parent="SpaceBattleground"]
transform = Transform3D(1, 0, 0, 0, 1, 0, 0, 0, 1, 0.482542, 1.06252, 51.6213)
size = Vector3(22.8269, 2, 16.5607)
texture_albedo = ExtResource("20_miehg")

[node name="Decal33" type="Decal" parent="SpaceBattleground"]
transform = Transform3D(1, 0, 0, 0, 1, 0, 0, 0, 1, 53.6277, 1.06252, -0.891399)
size = Vector3(22.8269, 2, 16.5607)
texture_albedo = ExtResource("20_miehg")

[node name="Decal10" type="Decal" parent="SpaceBattleground"]
transform = Transform3D(1, 0, 0, 0, 1, 0, 0, 0, 1, 35.1807, 0, -0.263475)
size = Vector3(11.8076, 2, 10.3776)
texture_albedo = ExtResource("20_miehg")

[node name="Decal11" type="Decal" parent="SpaceBattleground"]
transform = Transform3D(0.998043, 0, 0.0625292, 0, 1, 0, -0.0625292, 0, 0.998043, 0.325113, 0, -35.8593)
size = Vector3(11.8076, 2, 10.3776)
texture_albedo = ExtResource("20_miehg")

[node name="Decal12" type="Decal" parent="SpaceBattleground"]
transform = Transform3D(-0.023455, 0, -0.999725, 0, 1, 0, 0.999725, 0, -0.023455, -35.738, 0, 0.144329)
size = Vector3(11.8076, 2, 10.3776)
texture_albedo = ExtResource("20_miehg")

[node name="Decal13" type="Decal" parent="SpaceBattleground"]
transform = Transform3D(-0.99788, 0, 0.0650896, 0, 1, 0, -0.0650896, 0, -0.99788, 0.110602, 0, 33.88)
size = Vector3(11.8076, 2, 10.3776)
texture_albedo = ExtResource("20_miehg")

[node name="Torch" parent="." instance=ExtResource("16_ijfbe")]
transform = Transform3D(0.00382224, 0, 0.999993, 0, 1, 0, -0.999993, 0, 0.00382224, 5.93392, 0.340085, 15.1022)

[node name="Torch3" parent="." instance=ExtResource("16_ijfbe")]
transform = Transform3D(0.00382224, 0, 0.999993, 0, 1, 0, -0.999993, 0, 0.00382224, 5.93392, 0.340085, 24.7687)

[node name="Torch4" parent="." instance=ExtResource("16_ijfbe")]
transform = Transform3D(0.00708601, 0, -0.999975, 0, 1, 0, 0.999975, 0, 0.00708601, -7.20465, 0.340085, 24.7687)

[node name="Torch6" parent="." instance=ExtResource("16_ijfbe")]
transform = Transform3D(0.00708601, 0, -0.999975, 0, 1, 0, 0.999975, 0, 0.00708601, -7.20465, 0.340085, 15.0413)

[node name="Torch12" parent="." instance=ExtResource("16_ijfbe")]
transform = Transform3D(0.00708601, 0, -0.999975, 0, 1, 0, 0.999975, 0, 0.00708601, -7.20465, 0.340085, -23.5055)

[node name="Torch13" parent="." instance=ExtResource("16_ijfbe")]
transform = Transform3D(0.00382224, 0, 0.999993, 0, 1, 0, -0.999993, 0, 0.00382224, 5.93392, 0.340085, -23.4447)

[node name="Torch15" parent="." instance=ExtResource("16_ijfbe")]
transform = Transform3D(0.00382224, 0, 0.999993, 0, 1, 0, -0.999993, 0, 0.00382224, 5.93392, 0.340085, -13.6576)

[node name="Torch16" parent="." instance=ExtResource("16_ijfbe")]
transform = Transform3D(0.00708601, 0, -0.999975, 0, 1, 0, 0.999975, 0, 0.00708601, -7.20465, 0.340085, -13.6576)

[node name="Torch19" parent="." instance=ExtResource("16_ijfbe")]
transform = Transform3D(0.999971, 0, -0.00766187, 0, 1, 0, 0.00766187, 0, 0.999971, 23.9487, 0.402394, 6.02944)

[node name="Torch21" parent="." instance=ExtResource("16_ijfbe")]
transform = Transform3D(0.999971, 0, -0.00766187, 0, 1, 0, 0.00766187, 0, 0.999971, 14.5335, 0.402394, 5.9849)

[node name="Torch22" parent="." instance=ExtResource("16_ijfbe")]
transform = Transform3D(-0.999995, 0, -0.00324637, 0, 1, 0, 0.00324637, 0, -0.999995, 14.584, 0.402394, -7.15357)

[node name="Torch24" parent="." instance=ExtResource("16_ijfbe")]
transform = Transform3D(-0.999995, 0, -0.00324637, 0, 1, 0, 0.00324637, 0, -0.999995, 24.0599, 0.402394, -7.1088)

[node name="Torch25" parent="." instance=ExtResource("16_ijfbe")]
transform = Transform3D(0.999971, 0, -0.00766187, 0, 1, 0, 0.00766187, 0, 0.999971, -14.891, 0.402394, 6.02944)

[node name="Torch27" parent="." instance=ExtResource("16_ijfbe")]
transform = Transform3D(0.999971, 0, -0.00766187, 0, 1, 0, 0.00766187, 0, 0.999971, -24.8084, 0.402394, 5.9849)

[node name="Torch28" parent="." instance=ExtResource("16_ijfbe")]
transform = Transform3D(-0.999995, 0, -0.00324637, 0, 1, 0, 0.00324637, 0, -0.999995, -24.758, 0.402394, -7.15357)

[node name="Torch30" parent="." instance=ExtResource("16_ijfbe")]
transform = Transform3D(-0.999995, 0, -0.00324637, 0, 1, 0, 0.00324637, 0, -0.999995, -14.7798, 0.402394, -7.1088)

[node name="AudioStreamPlayer" type="AudioStreamPlayer" parent="."]
stream = ExtResource("21_8dovc")
volume_db = 3.0
autoplay = true

[connection signal="timeout" from="ZodiacSpawner/Timer" to="ZodiacSpawner" method="_on_timer_timeout"]
