[gd_scene load_steps=9 format=3 uid="uid://hc6iqxwfym4h"]

[ext_resource type="PackedScene" uid="uid://y1eqpa7ff1uq" path="res://Prefabs/Enemy.tscn" id="1_qi0ms"]
[ext_resource type="Script" path="res://ScriptsNew/Aries.gd" id="2_qyowq"]
[ext_resource type="PackedScene" uid="uid://cn5tnewr1jqm5" path="res://Assets/Models/Aries.glb" id="3_4pcjs"]
[ext_resource type="PackedScene" uid="uid://lf7koccski54" path="res://Prefabs/BulletSpawner.tscn" id="3_ivmvv"]
[ext_resource type="PackedScene" uid="uid://daa4scifdiejw" path="res://Prefabs/Bullet.tscn" id="4_1vi8u"]
[ext_resource type="Material" uid="uid://iamf6dkl4p2" path="res://Assets/enemy_bullet_material_3d.tres" id="5_6u17x"]

[sub_resource type="Curve" id="Curve_3j06l"]
min_value = -1.0
_data = [Vector2(0, 0), 0.0, 0.0, 0, 0, Vector2(0.25, 1), 0.0, 0.0, 0, 0, Vector2(0.75, -1), 0.0, 0.0, 0, 0, Vector2(1, 0), 0.0, 0.0, 0, 0]
point_count = 4

[sub_resource type="StandardMaterial3D" id="StandardMaterial3D_rpty7"]
albedo_color = Color(0.792157, 0.141176, 0.141176, 1)
emission_enabled = true
emission = Color(1, 0, 0, 1)
emission_energy_multiplier = 0.94

[node name="Aries" instance=ExtResource("1_qi0ms")]
script = ExtResource("2_qyowq")
ChargeSpeed = 1.0
TriggerChargeDistance = 1.0
AngleCurve = SubResource("Curve_3j06l")
MaxHealth = 20

[node name="Visual" parent="." index="1"]
mesh = null

[node name="Aries" parent="Visual" index="0" instance=ExtResource("3_4pcjs")]

[node name="1_ARIES" parent="Visual/Aries" index="0"]
material_override = SubResource("StandardMaterial3D_rpty7")

[node name="BulletSpawner" parent="BulletSpawnersContainer" index="0" instance=ExtResource("3_ivmvv")]
transform = Transform3D(0.766044, 0, -0.642788, 0, 1, 0, 0.642788, 0, 0.766044, 0, 0, 0)
BulletScene = ExtResource("4_1vi8u")
BulletMaterial = ExtResource("5_6u17x")

[node name="BulletSpawner2" parent="BulletSpawnersContainer" index="1" instance=ExtResource("3_ivmvv")]
transform = Transform3D(0.939693, 0, -0.34202, 0, 1, 0, 0.34202, 0, 0.939693, 0, 0, 0)
BulletScene = ExtResource("4_1vi8u")
BulletMaterial = ExtResource("5_6u17x")

[node name="BulletSpawner3" parent="BulletSpawnersContainer" index="2" instance=ExtResource("3_ivmvv")]
transform = Transform3D(0.939693, 0, 0.34202, 0, 1, 0, -0.34202, 0, 0.939693, 0, 0, 0)
BulletScene = ExtResource("4_1vi8u")
BulletMaterial = ExtResource("5_6u17x")

[node name="BulletSpawner4" parent="BulletSpawnersContainer" index="3" instance=ExtResource("3_ivmvv")]
transform = Transform3D(0.766044, 0, 0.642788, 0, 1, 0, -0.642788, 0, 0.766044, 0, 0, 0)
BulletScene = ExtResource("4_1vi8u")
BulletMaterial = ExtResource("5_6u17x")

[editable path="Visual/Aries"]
