[gd_scene load_steps=9 format=3 uid="uid://dmug2uw4akgi0"]

[ext_resource type="PackedScene" uid="uid://y1eqpa7ff1uq" path="res://Prefabs/Enemy.tscn" id="1_5r80f"]
[ext_resource type="PackedScene" uid="uid://lf7koccski54" path="res://Prefabs/BulletSpawner.tscn" id="2_feoyq"]
[ext_resource type="Script" path="res://ScriptsNew/Taurus.gd" id="2_q2dmq"]
[ext_resource type="PackedScene" uid="uid://fxwby3euvnof" path="res://Assets/Models/Taurus.glb" id="3_snxim"]
[ext_resource type="PackedScene" uid="uid://b8syi7emhbr26" path="res://Prefabs/TaurusBullet.tscn" id="3_uguyx"]
[ext_resource type="Material" uid="uid://iamf6dkl4p2" path="res://Assets/enemy_bullet_material_3d.tres" id="6_rq4i5"]

[sub_resource type="Curve" id="Curve_bv5ff"]
_data = [Vector2(0, 0), 0.0, 0.0, 0, 0, Vector2(0, 1), 0.0, 0.0, 0, 0, Vector2(0.488998, 1), 0.0, 0.0, 0, 0, Vector2(1, 0), 0.0, 0.0, 0, 0]
point_count = 4

[sub_resource type="StandardMaterial3D" id="StandardMaterial3D_qroqq"]
albedo_color = Color(0.788235, 0.235294, 0.235294, 1)
emission_enabled = true
emission = Color(0.788235, 0.235294, 0.235294, 1)

[node name="Taurus" instance=ExtResource("1_5r80f")]
script = ExtResource("2_q2dmq")
AngleCurve = SubResource("Curve_bv5ff")
MaxHealth = 15

[node name="Visual" parent="." index="1"]
mesh = null

[node name="Taurus" parent="Visual" index="0" instance=ExtResource("3_snxim")]

[node name="2_TAURUS" parent="Visual/Taurus" index="0"]
material_override = SubResource("StandardMaterial3D_qroqq")

[node name="BulletSpawner" parent="BulletSpawnersContainer" index="0" instance=ExtResource("2_feoyq")]
transform = Transform3D(1, 0, 0, 0, 1, 0, 0, 0, 1, 0.05, 0.463472, 0)
BulletScene = ExtResource("3_uguyx")
BulletMaterial = ExtResource("6_rq4i5")
AngleDeviation = 15.0

[node name="BulletSpawner10" parent="BulletSpawnersContainer" index="1" instance=ExtResource("2_feoyq")]
transform = Transform3D(1, 0, 0, 0, 1, 0, 0, 0, 1, 0.05, 0.463472, 0)
BulletScene = ExtResource("3_uguyx")
BulletMaterial = ExtResource("6_rq4i5")
AngleDeviation = 15.0

[node name="BulletSpawner11" parent="BulletSpawnersContainer" index="2" instance=ExtResource("2_feoyq")]
transform = Transform3D(1, 0, 0, 0, 1, 0, 0, 0, 1, 0.05, 0.463472, 0)
BulletScene = ExtResource("3_uguyx")
BulletMaterial = ExtResource("6_rq4i5")
AngleDeviation = 15.0

[node name="BulletSpawner12" parent="BulletSpawnersContainer" index="3" instance=ExtResource("2_feoyq")]
transform = Transform3D(1, 0, 0, 0, 1, 0, 0, 0, 1, 0.05, 0.463472, 0)
BulletScene = ExtResource("3_uguyx")
BulletMaterial = ExtResource("6_rq4i5")
AngleDeviation = 15.0

[node name="BulletSpawner2" parent="BulletSpawnersContainer" index="4" instance=ExtResource("2_feoyq")]
transform = Transform3D(0.833886, 0, -0.551937, 0, 1, 0, 0.551937, 0, 0.833886, 0.05, 0.463472, 0)
BulletScene = ExtResource("3_uguyx")
BulletMaterial = ExtResource("6_rq4i5")
AngleDeviation = 15.0

[node name="BulletSpawner4" parent="BulletSpawnersContainer" index="5" instance=ExtResource("2_feoyq")]
transform = Transform3D(0.833886, 0, -0.551937, 0, 1, 0, 0.551937, 0, 0.833886, 0.05, 0.463472, 0)
BulletScene = ExtResource("3_uguyx")
BulletMaterial = ExtResource("6_rq4i5")
AngleDeviation = 15.0

[node name="BulletSpawner5" parent="BulletSpawnersContainer" index="6" instance=ExtResource("2_feoyq")]
transform = Transform3D(0.833886, 0, -0.551937, 0, 1, 0, 0.551937, 0, 0.833886, 0.05, 0.463472, 0)
BulletScene = ExtResource("3_uguyx")
BulletMaterial = ExtResource("6_rq4i5")
AngleDeviation = 15.0

[node name="BulletSpawner6" parent="BulletSpawnersContainer" index="7" instance=ExtResource("2_feoyq")]
transform = Transform3D(0.833886, 0, -0.551937, 0, 1, 0, 0.551937, 0, 0.833886, 0.05, 0.463472, 0)
BulletScene = ExtResource("3_uguyx")
BulletMaterial = ExtResource("6_rq4i5")
AngleDeviation = 15.0

[node name="BulletSpawner3" parent="BulletSpawnersContainer" index="8" instance=ExtResource("2_feoyq")]
transform = Transform3D(0.833886, 0, 0.551937, 0, 1, 0, -0.551937, 0, 0.833886, 0.05, 0.463472, 0)
BulletScene = ExtResource("3_uguyx")
BulletMaterial = ExtResource("6_rq4i5")
AngleDeviation = 15.0

[node name="BulletSpawner7" parent="BulletSpawnersContainer" index="9" instance=ExtResource("2_feoyq")]
transform = Transform3D(0.833886, 0, 0.551937, 0, 1, 0, -0.551937, 0, 0.833886, 0.05, 0.463472, 0)
BulletScene = ExtResource("3_uguyx")
BulletMaterial = ExtResource("6_rq4i5")
AngleDeviation = 15.0

[node name="BulletSpawner8" parent="BulletSpawnersContainer" index="10" instance=ExtResource("2_feoyq")]
transform = Transform3D(0.833886, 0, 0.551937, 0, 1, 0, -0.551937, 0, 0.833886, 0.05, 0.463472, 0)
BulletScene = ExtResource("3_uguyx")
BulletMaterial = ExtResource("6_rq4i5")
AngleDeviation = 15.0

[node name="BulletSpawner9" parent="BulletSpawnersContainer" index="11" instance=ExtResource("2_feoyq")]
transform = Transform3D(0.833886, 0, 0.551937, 0, 1, 0, -0.551937, 0, 0.833886, 0.05, 0.463472, 0)
BulletScene = ExtResource("3_uguyx")
BulletMaterial = ExtResource("6_rq4i5")
AngleDeviation = 15.0

[node name="BulletSpawner13" parent="BulletSpawnersContainer" index="12" instance=ExtResource("2_feoyq")]
transform = Transform3D(1, 0, 0, 0, 1, 0, 0, 0, 1, 0.05, 0.463472, 0)
BulletScene = ExtResource("3_uguyx")
BulletMaterial = ExtResource("6_rq4i5")
AngleDeviation = 15.0

[node name="BulletSpawner14" parent="BulletSpawnersContainer" index="13" instance=ExtResource("2_feoyq")]
transform = Transform3D(1, 0, 0, 0, 1, 0, 0, 0, 1, 0.05, 0.463472, 0)
BulletScene = ExtResource("3_uguyx")
BulletMaterial = ExtResource("6_rq4i5")
AngleDeviation = 15.0

[node name="BulletSpawner15" parent="BulletSpawnersContainer" index="14" instance=ExtResource("2_feoyq")]
transform = Transform3D(1, 0, 0, 0, 1, 0, 0, 0, 1, 0.05, 0.463472, 0)
BulletScene = ExtResource("3_uguyx")
BulletMaterial = ExtResource("6_rq4i5")
AngleDeviation = 15.0

[node name="BulletSpawner16" parent="BulletSpawnersContainer" index="15" instance=ExtResource("2_feoyq")]
transform = Transform3D(1, 0, 0, 0, 1, 0, 0, 0, 1, 0.05, 0.463472, 0)
BulletScene = ExtResource("3_uguyx")
BulletMaterial = ExtResource("6_rq4i5")
AngleDeviation = 15.0

[node name="BulletSpawner17" parent="BulletSpawnersContainer" index="16" instance=ExtResource("2_feoyq")]
transform = Transform3D(0.833886, 0, -0.551937, 0, 1, 0, 0.551937, 0, 0.833886, 0.05, 0.463472, 0)
BulletScene = ExtResource("3_uguyx")
BulletMaterial = ExtResource("6_rq4i5")
AngleDeviation = 15.0

[node name="BulletSpawner18" parent="BulletSpawnersContainer" index="17" instance=ExtResource("2_feoyq")]
transform = Transform3D(0.833886, 0, -0.551937, 0, 1, 0, 0.551937, 0, 0.833886, 0.05, 0.463472, 0)
BulletScene = ExtResource("3_uguyx")
BulletMaterial = ExtResource("6_rq4i5")
AngleDeviation = 15.0

[node name="BulletSpawner19" parent="BulletSpawnersContainer" index="18" instance=ExtResource("2_feoyq")]
transform = Transform3D(0.833886, 0, -0.551937, 0, 1, 0, 0.551937, 0, 0.833886, 0.05, 0.463472, 0)
BulletScene = ExtResource("3_uguyx")
BulletMaterial = ExtResource("6_rq4i5")
AngleDeviation = 15.0

[node name="BulletSpawner20" parent="BulletSpawnersContainer" index="19" instance=ExtResource("2_feoyq")]
transform = Transform3D(0.833886, 0, -0.551937, 0, 1, 0, 0.551937, 0, 0.833886, 0.05, 0.463472, 0)
BulletScene = ExtResource("3_uguyx")
BulletMaterial = ExtResource("6_rq4i5")
AngleDeviation = 15.0

[node name="BulletSpawner21" parent="BulletSpawnersContainer" index="20" instance=ExtResource("2_feoyq")]
transform = Transform3D(0.833886, 0, 0.551937, 0, 1, 0, -0.551937, 0, 0.833886, 0.05, 0.463472, 0)
BulletScene = ExtResource("3_uguyx")
BulletMaterial = ExtResource("6_rq4i5")
AngleDeviation = 15.0

[node name="BulletSpawner22" parent="BulletSpawnersContainer" index="21" instance=ExtResource("2_feoyq")]
transform = Transform3D(0.833886, 0, 0.551937, 0, 1, 0, -0.551937, 0, 0.833886, 0.05, 0.463472, 0)
BulletScene = ExtResource("3_uguyx")
BulletMaterial = ExtResource("6_rq4i5")
AngleDeviation = 15.0

[node name="BulletSpawner23" parent="BulletSpawnersContainer" index="22" instance=ExtResource("2_feoyq")]
transform = Transform3D(0.833886, 0, 0.551937, 0, 1, 0, -0.551937, 0, 0.833886, 0.05, 0.463472, 0)
BulletScene = ExtResource("3_uguyx")
BulletMaterial = ExtResource("6_rq4i5")
AngleDeviation = 15.0

[node name="BulletSpawner24" parent="BulletSpawnersContainer" index="23" instance=ExtResource("2_feoyq")]
transform = Transform3D(0.833886, 0, 0.551937, 0, 1, 0, -0.551937, 0, 0.833886, 0.05, 0.463472, 0)
BulletScene = ExtResource("3_uguyx")
BulletMaterial = ExtResource("6_rq4i5")
AngleDeviation = 15.0

[editable path="Visual/Taurus"]
